20
1 967628684 66697 2000000.00
2 665512601 105042 45000.00
3 631521937 90639 70000.00
4 202377734 99791 95000.00
5 470515866 64527 1250000.00
6 524988327 137390 60000.00
7 587059882 122962 83000.00
8 174327032 69982 15000.00
9 848373385 132730 12000.00
10 879725821 126460 45000.00
11 112712201 92561 34000.00
12 326351360 47494 1500000.00
13 880716026 85110 250000.00
14 869058148 132886 35000.00
15 143090191 61574 27000.00
16 166305849 118572 42000.00
17 673511634 124952 82000.00
18 285923761 98225 36000.00
19 134926679 86039 85000.00
20 451797529 133971 37000.00
