439
1,66697,51,967628684
2,105042,49,665512601
3,90639,38,631521937
4,99791,36,202377734
5,64527,47,470515866
6,137390,39,524988327
7,122962,48,587059882
8,69982,35,174327032
9,132730,48,848373385
10,126460,35,879725821
11,92561,23,112712201
12,47494,36,326351360
13,85110,46,880716026
14,132886,47,869058148
15,61574,24,143090191
16,118572,29,166305849
17,124952,32,673511634
18,98225,32,285923761
19,86039,32,134926679
20,133971,60,451797529
21,49826,19,802837444
22,139335,23,810078047
23,63175,30,233268210
24,112124,51,848538570
25,42176,59,920555506
26,59139,22,393758587
27,147846,27,247800222
28,104657,33,651580176
29,83166,41,525657496
30,104129,57,935269013
31,55195,33,603490418
32,134180,48,769341609
33,131707,18,547952589
34,136658,40,389263004
35,116899,19,711573793
36,51123,18,928290153
37,127954,25,217302417
38,147623,56,958707459
39,94681,23,574347771
40,53270,49,131286519
41,145594,46,670382810
42,124396,40,773895017
43,129967,25,275970138
44,62169,29,849401619
45,122997,37,856140213
46,81089,27,736730309
47,44200,48,441600089
48,107892,57,999104302
49,64689,50,232990922
50,81678,32,656332346
51,81022,53,568046237
52,97810,45,716879343
53,109045,37,476838951
54,59061,24,290515886
55,134745,46,603752227
56,49098,52,540078212
57,58310,38,165649177
58,124554,27,643877731
59,110362,33,362253125
60,78982,51,778758349
61,60898,43,416692514
62,95996,44,337634329
63,105633,19,262588278
64,79416,51,716154237
65,146809,34,679587738
66,125121,18,773803530
67,148930,54,872556270
68,106560,38,511540527
69,52070,25,828931908
70,55223,34,533808794
71,85287,24,212463737
72,122762,36,179838451
73,144883,22,806900955
74,49640,41,317229416
75,63369,42,953523533
76,47396,47,239613334
77,138078,52,711106081
78,105820,42,744212011
79,70508,24,376334474
80,76299,38,715331531
81,131214,44,935521508
82,144973,32,761709394
83,70407,60,477841155
84,140311,49,675554034
85,138120,56,203379632
86,136287,40,778262560
87,136689,41,408898568
88,138800,19,872421316
89,61900,33,738429366
90,84115,19,295445027
91,82588,58,418453908
92,131116,31,427176368
93,140097,33,410256208
94,47552,44,488483833
95,80617,37,344000239
96,106130,60,903042671
97,82938,20,599661495
98,71483,44,866442472
99,127371,44,294773918
100,55692,26,677668886
101,71745,52,822303016
102,42257,29,680273778
103,113512,57,301010571
104,120294,48,961051917
105,108759,58,331047704
106,76886,47,301846670
107,78922,21,173266195
108,80541,31,552413848
109,83984,25,752529711
110,83699,47,315284815
111,80530,34,105080924
112,133026,53,334169535
113,52308,56,557844621
114,54946,26,351791376
115,149197,36,156643888
116,103650,60,115906388
117,101514,57,539967898
118,71023,21,624724965
119,149059,38,967221754
120,64637,44,526037555
121,55617,59,910798221
122,64435,41,933556330
123,77439,58,951492810
124,92850,33,145086196
125,65199,28,411649931
126,133234,22,435167263
127,51616,47,546002681
128,70252,26,780018874
129,118873,20,636688129
130,107377,21,376420006
131,69935,38,491645844
132,53253,20,326066322
133,60923,24,814795329
134,45775,19,540509160
135,144317,18,283416623
136,93015,40,212648363
137,95758,32,637653630
138,57186,56,324516665
139,118256,58,189425049
140,125711,52,150264008
141,100346,54,142450643
142,149220,57,502245981
143,125882,27,165285765
144,139463,44,472122397
145,121860,45,816503120
146,78802,18,863297199
147,98422,48,548853249
148,127485,39,908551719
149,141154,59,907227956
150,136594,60,851395880
151,56044,45,418211359
152,54250,45,313397869
153,143980,49,193118338
154,123362,50,388306216
155,77386,40,617164140
156,149986,42,442153745
157,135060,33,816828866
158,83595,24,245997184
159,96123,31,548004170
160,101340,52,979026985
161,118306,26,606603292
162,47972,40,276999877
163,125335,23,922665396
164,77835,52,124650426
165,142002,38,502179804
166,126703,21,743068877
167,116460,55,798346938
168,98930,20,652519027
169,126659,45,742602491
170,122641,33,547814630
171,95882,18,504073286
172,62589,37,413133037
173,135669,19,234687826
174,149060,42,592145432
175,86314,33,193621042
176,134255,32,625306901
177,133241,36,799666113
178,57214,35,958424105
179,72386,24,781371885
180,134851,21,624072417
181,97062,51,568751481
182,116555,35,449516904
183,53385,34,614694129
184,50723,41,268775803
185,103102,45,860209868
186,114574,45,462130756
187,124816,29,674039902
188,68391,41,412157204
189,41871,20,542908019
190,146746,37,667326123
191,76071,29,575544896
192,104201,35,390335786
193,111510,32,361634032
194,99334,51,275462826
195,47285,43,230265993
196,51392,40,472802895
197,103923,49,203283417
198,65722,19,675990184
199,83296,40,920072543
200,101579,55,468888079
201,98987,38,302777354
202,123989,45,315534131
203,100698,30,545881032
204,51596,43,161411343
205,92383,56,808244077
206,97659,32,570200873
207,102530,24,330418360
208,148483,25,111991172
209,41841,58,682810584
210,86746,34,598641780
211,123728,45,740920088
212,107514,24,984902636
213,50250,52,385970234
214,109830,44,542101893
215,143768,20,690403490
216,141738,47,927412027
217,105946,55,458670162
218,78715,31,222584898
219,52594,58,957174698
220,62169,24,519869699
221,45095,18,931580928
222,117844,52,937478315
223,145467,49,209560464
224,140380,51,556143594
225,119986,30,581433234
226,122647,37,540469031
227,48998,26,957999830
228,120351,45,475748801
229,59361,54,668359673
230,99601,49,576444795
231,67717,22,571356068
232,143428,52,536608864
233,132472,44,384116458
234,87335,33,263669627
235,78995,41,150911227
236,113464,43,789183451
237,145025,19,373835523
238,66072,23,411524593
239,81369,60,477880163
240,119386,56,147869629
241,121744,47,137232888
242,41292,36,208659799
243,74511,36,156390183
244,115667,21,512171557
245,91311,45,183453640
246,127278,22,384349984
247,129429,19,846546309
248,51832,27,115723999
249,54969,19,945066188
250,67629,50,757279209
251,119033,44,239243269
252,59675,27,379580723
253,48017,41,228641342
254,140397,60,507823559
255,94851,53,160596994
256,58210,18,369384504
257,132806,43,334940459
258,103293,18,789229333
259,81889,53,329304858
260,119565,52,821852417
261,65113,51,726980553
262,126139,50,268776763
263,111852,38,363387049
264,108989,18,871568262
265,130170,23,658024158
266,67741,53,735849521
267,70701,46,121469201
268,137379,45,471143714
269,93527,30,249755862
270,62129,28,999882032
271,65055,33,266772564
272,133590,45,727229979
273,83387,37,917647582
274,86351,53,605768910
275,100171,30,454901895
276,69047,28,634402028
277,47714,44,633359108
278,134499,35,721384805
279,137366,42,843927452
280,120276,56,458348978
281,86447,57,500301630
282,58770,23,840561583
283,145923,19,322520444
284,74379,30,555792952
285,77275,18,868598611
286,42073,56,970870187
287,136316,29,305433961
288,127678,24,453097062
289,113552,32,884507628
290,146988,29,500846618
291,141845,47,480598959
292,74019,28,830992724
293,107857,39,198988940
294,62621,54,375346376
295,140698,33,836191278
296,83710,34,456647447
297,133237,20,551330315
298,110075,23,872123281
299,54792,39,268922713
300,117445,33,834655190
301,43554,40,384979620
302,101773,32,518723322
303,52921,33,754833199
304,40017,56,288353190
305,143665,35,526134367
306,108337,47,303659871
307,121779,55,391374208
308,120037,28,229488599
309,82723,50,437224385
310,70619,60,636006351
311,108001,55,185099111
312,88432,34,146736016
313,49720,18,107950260
314,105742,57,275787546
315,87452,44,819838954
316,96250,40,208937878
317,53283,21,147077452
318,126655,39,939306285
319,57602,51,139809574
320,59983,18,259491050
321,137743,20,462606780
322,111510,21,415126604
323,125466,52,189498481
324,111664,53,430763058
325,142981,52,372001317
326,99020,29,278805901
327,81373,48,357118366
328,79044,36,381903778
329,72858,49,513628429
330,89930,57,731183745
331,134259,45,777425637
332,111886,46,160926113
333,133980,21,858831263
334,123131,23,305754832
335,68424,31,843590906
336,71400,56,617135820
337,145255,42,777934104
338,84973,40,341585125
339,88362,28,285929455
340,78292,53,507179865
341,128539,57,785800692
342,103623,45,677377002
343,116629,55,450783430
344,146614,26,177013722
345,130602,29,746054053
346,98142,57,775571646
347,132241,37,861877973
348,49541,45,326752048
349,128414,23,156558517
350,144264,36,801002790
351,41535,59,892011041
352,74115,22,218123511
353,49145,33,499249825
354,124985,43,944819030
355,134355,29,774574814
356,52328,58,438441775
357,99615,59,672203170
358,69617,25,770018113
359,45208,45,636427466
360,115446,41,463925119
361,91190,19,668852471
362,72894,28,341480291
363,62917,19,129734181
364,135313,44,283424471
365,91642,45,769900966
366,58448,57,213799367
367,136577,57,207425868
368,143598,46,191509579
369,61459,34,774402169
370,77033,60,407644210
371,117493,39,471492402
372,103560,41,904130385
373,122796,35,556480121
374,146576,43,135546213
375,137584,50,342385415
376,67710,59,729755647
377,41021,45,202396674
378,118644,43,457769793
379,57664,20,360127216
380,148282,56,304410415
381,100032,20,391393895
382,113975,43,157386274
383,105740,30,332824949
384,139109,22,149195759
385,93250,20,457271516
386,100825,55,816830619
387,85058,41,109839841
388,67853,54,879435831
389,122702,18,570363185
390,112335,36,362535298
391,136761,33,403898373
392,97764,31,623760209
393,58746,29,373136927
394,43964,52,164249843
395,57029,24,888176241
396,45012,26,698646777
397,52487,23,898967570
398,59173,35,707088909
399,144276,34,240317021
400,134691,45,203000562
401,99344,39,749635973
402,82982,49,808809096
403,119521,59,889757123
404,99124,23,941192430
405,131172,18,760969919
406,88717,45,523100196
407,50178,49,983020561
408,69550,27,582914096
409,73642,49,579701638
410,55209,18,812668312
411,84540,20,402722698
412,78277,37,995224826
413,133461,39,191159967
414,100837,46,942214382
415,110692,27,334319930
416,82305,24,755000120
417,51902,41,602392190
418,80282,25,467708383
419,131857,56,803716294
420,65540,58,548667635
421,141269,43,157485968
422,83583,39,622611112
423,44756,49,636990830
424,116855,60,560700854
425,40626,46,167321561
426,90102,35,523807610
427,135715,27,430025130
428,75870,57,253860968
429,69637,29,837745171
430,75966,38,527538240
431,45491,24,173760302
432,54369,49,216415516
433,62402,32,348928334
434,128686,39,761942366
435,81538,55,417934037
436,106033,34,343671875
437,114797,44,917363671
438,115200,37,902386376
439,127891,18,920529998
